A,27.11,27.68,27,27.16,33231
AA,10.56,10.69,10.5,10.6,145830
AAPL,247.72,250.01,246.62,247.64,113724
ABC,28.75,29.03,28.51,28.71,25859
ABT,50.05,50.4297,49.765,50.34,47960
ACE,53.03,53.61,52.74,53.52,19620
ADBE,27.78,27.84,27.21,27.36,63344
ADI,27.95,28.44,27.72,28.36,32771
ADM,29.89,30.235,29.69,30.04,50798
ADP,39.57,40.17,39.37,40.07,23667
ADSK,27.92,28.55,27.51,27.66,51608
AEE,27.44,28.09,27.35,28.09,43587
AEP,35.37,35.778,35.06,35.73,24240
AES,10.54,10.7699,10.33,10.66,45058
AET,27.8,27.99,27.55,27.86,24192
AFL,47.13,47.75,46.85,47.56,24152
AGN,63.13,63.28,62.05,62.97,14986
AIG,36.31,36.5,35.51,35.96,34427
AIV,20.09,20.53,19.97,20.15,16280
AIZ,36.72,36.78,36.3,36.65,9291
AKAM,43.56,44.38,43.19,43.89,37362
AKS,13.04,13.41,12.96,13.21,48494
ALL,27.93,27.97,27.64,27.94,43696
ALTR,24.82,25.31,24.53,25.11,60276
AMAT,11.11,11.37,11.03,11.21,191766
AMD,6.47,6.71,6.43,6.62,200809
AMGN,54.23,54.6,53.57,54.08,56480
AMP,41.92,42.86,41.74,42.54,19922
AMT,45.41,46.06,45.14,46.04,17299
AMZN,123.68,127.37,123.04,126.07,40276
AN,22.52,23.03,22.45,22.8,9368
ANF,37.29,38.2,36.9,37.63,31595
AON,36.77,36.96,36.52,36.74,13466
APA,90.8,91.69,90.5,91.4,26625
APC,52.05,52.43,51.4,51.94,27879
APD,74.84,76.57,74.51,75.9,10704
APH,40.53,41.39,40.33,41.3,10516
APOL,39.36,44.54,39.34,40.98,147035
ARG,65.09,65.97,65,65.93,10493
ATI,43.8,45.08,43.54,44.35,11864
AVB,101.63,103.14,101.44,102.22,6601
AVP,29.23,29.52,28.97,29.48,29397
AVY,33.84,34.36,33.76,34.17,6629
AXP,41.53,41.96,41.28,41.54,71645
AYE,22.24,22.49,22.04,22.49,17505
AZO,206.87,207.16,205.95,207,4671
BA,64.49,64.93,63.65,64.4,30423
BAC,13.13,13.29,13.09,13.19,997992
BAX,45.42,45.74,45.06,45.47,23774
BBBY,36.85,37.42,36.78,37.17,20945
BBT,23.72,23.85,23.5,23.8,38067
BBY,32.98,33.275,32.61,33.05,42168
BCR,79.53,79.67,78.8,79.44,4944
BDX,70.62,70.8,70.14,70.63,6885
BEN,98.88,100.26,98.61,99.07,8872
BF.B,60.51,60.59,59.99,60.54,2403
BHI,39.6,40.05,39.45,39.93,30594
BIG,30.41,30.66,30.04,30.5,12701
BIIB,55.48,56.03,55.16,55.85,17257
BK,24.71,24.9,24.53,24.7,43755
BLL,56.75,56.88,56.41,56.62,8120
BMC,34.71,35.32,34.47,35.08,15947
BMS,28.83,29.34,28.68,29.18,6511
BMY,26.24,26.34,26.04,26.28,103807
BRCM,31.59,32.09,31.28,31.46,134026
BRK.B,76.5,77.25,76.04,76.84,29510
BSX,5.44,5.52,5.41,5.47,126557
BTU,45.52,46.3,45.33,45.8,19791
BXP,80.57,81.61,80,81.04,9767
C,3.875,3.91,3.85,3.87,2391152
CA,18.15,18.44,18.04,18.38,37005
CAG,21.53,21.61,21.34,21.6,33166
CAH,30.83,31.29,30.6,30.94,26379
CAM,37.66,38.58,37.45,38.51,43722
CAT,67.62,68.98,67.0608,68.49,54368
CB,52.89,53.17,52.63,53.15,21492
CBG,16.05,16.41,15.96,16.15,19237
CBS,13.81,14.15,13.69,14.13,70319
CCE,28.54,28.75,28.3,28.58,21767
CCL,32.17,32.64,32.02,32.47,28462
CEG,29.51,30.07,29.15,29.58,23619
CELG,55.06,55.78,54.7475,55.49,21544
CEPH,57.85,58.2,57.58,58.08,8548
CERN,75.31,76.76,75.31,76.19,3564
CF,84.3,86.69,84.09,84.59,24981
CFN,22.73,22.86,22.45,22.59,10549
CHK,20.81,21.05,20.69,20.93,87042
CHRW,64.31,65.18,63.82,64.86,11295
CI,33.14,33.43,32.55,33.37,29029
CINF,26.64,26.77,26.465,26.62,8934
CL,75.91,76.31,75.51,76.17,23161
CLF,58.79,61,58.3,60.47,49787
CLX,64.18,64.33,63.87,64.25,5089
CMA,35.69,36.22,35.65,36.01,18728
CMCSA,17.78,17.95,17.61,17.75,122953
CME,243.47,249.235,242.29,246.49,6583
CMI,76.95,78.42,76.0003,77.77,15089
CMS,17.32,17.54,17.16,17.4,24612
CNP,14.39,14.59,14.29,14.5,25848
CNX,36,36.669,35.74,36.06,23955
COF,38.55,39.5,38.53,38.93,41823
COG,30.46,30.63,30.07,30.18,19256
COH,37,37.6,36.7126,37.24,21000
COL,55.07,55.41,54.67,54.95,10365
COP,54.8,54.97,54.3,54.93,71881
COST,55.13,55.5,55,55.37,23953
CPB,36.05,36.32,35.9,36.27,15202
CPWR,7.48,7.52,7.4,7.41,21902
CRM,96.89,97.4781,95.75,96.63,18212
CSC,41.88,42.62,41.58,42.25,11773
CSCO,21.24,22.12,21.22,21.91,886283
CSX,50.06,50.64,49.73,50.28,23052
CTAS,25.83,26.11,25.59,25.99,10497
CTL,35.98,36.3,35.9,36.26,28768
CTSH,57.65,58.76,57.55,58.49,16469
CTXS,56.33,57.68,55.79,56.99,24866
CVH,20.36,20.6375,20.05,20.5,9248
CVS,28.58,28.8,28.4,28.7,52766
CVX,77.11,77.83,76.37,77.71,72865
D,43.7,44.06,43.51,44.03,25314
DD,40.09,40.61,40,40.39,34176
DE,64.78,66.33,64.16,65.59,34285
DELL,11.9,12.0801,11.8,11.96,131415
DF,10.16,10.33,10,10.07,47052
DFS,14.61,14.8,14.55,14.68,23513
DGX,47.04,47.32,46.63,47.08,9787
DHI,10.15,10.34,10.085,10.18,31624
DHR,36.88,37.21,36.38,37.2,27689
DIS,33.44,33.75,33.11,33.66,69218
DISCA,36.97,37.115,36.6601,36.97,11146
DNB,67.26,67.81,67.02,67.73,2720
DNR,15.63,15.7,15.31,15.45,30624
DO,60.38,61.38,59.79,61.37,15038
DOV,45.97,46.65,45.55,46.39,7324
DOW,25.05,25.353,24.68,25.18,56429
DPS,36.69,36.89,36.32,36.82,30930
DRI,39.48,40.55,39.36,40.21,11481
DTE,45.98,46.48,45.599,46.41,11923
DTV,38.4,38.74,38,38.54,55430
DUK,16.97,17.04,16.76,17.03,66440
DV,39.05,40.89,38.22,38.97,42115
DVA,63.68,64.5,63.51,64.3,6778
DVN,63.63,64.17,63.2,63.48,35509
EBAY,21.46,22.5,21.4,22.05,263259
ECL,47.48,47.92,47.32,47.73,9716
ED,46.65,47.04,46.23,46.85,30291
EFX,30,30.43,29.75,30.26,6980
EIX,33.79,33.98,33.36,33.86,28996
EK,3.67,3.89,3.66,3.82,65988
EL,57.53,57.59,56.84,57.43,24468
EMC,18.51,18.87,18.35,18.77,197321
EMN,59.75,60.8504,59.27,60.58,7148
EMR,47.87,48.27,47.3201,48.05,21952
EOG,93.49,94.19,92.11,94.09,26963
EP,11.54,11.63,11.44,11.62,43543
EQR,44.58,45.34,44.39,44.88,14930
EQT,35.86,36.005,35.55,35.7,13981
ERTS,15.63,16.18,15.48,16.05,50265
ESRX,45.69,46.29,45.35,46.04,49655
ETFC,13.89,13.98,13.73,13.79,15621
ETN,74.84,76.02,73.94,75.41,8763
ETR,77.78,78.23,77.07,78.16,15348
EXC,41.19,41.36,40.93,41.21,26712
EXPD,40.38,41.38,40.13,41.09,13413
EXPE,23.41,23.89,23.34,23.82,54775
F,11.96,12.15,11.88,11.99,593160
FAST,48,48.48,47.5,48.13,5113
FCX,70.87,71.69,70.32,70.63,63499
FDO,42.57,43.01,42.24,42.9,18120
FDX,80.18,81.5,79.88,80.98,19429
FE,36.16,36.51,35.9,36.49,28567
FHN,10.29,10.35,10.13,10.25,22424
FII,20.33,20.53,20.15,20.17,14647
FIS,26.39,26.64,26.25,26.34,111754
FISV,48.98,50.14,48.76,50.07,11502
FITB,12.05,12.22,11.93,12.19,111276
FLIR,26.73,27.32,26.73,27.02,16370
FLR,45.76,46.4,45.44,45.9,12833
FLS,95.61,96.86,94.65,96.21,7594
FMC,60.3,61.41,60,61.07,3156
FO,43.65,44.18,43.55,43.84,10886
FRX,27.73,27.82,27.58,27.69,22931
FSLR,123.5,126.4,122.48,125.05,6615
FTI,61.6,62.93,61.42,62.82,10764
FTR,7.59,7.62,7.52,7.6,91732
GAS,42.52,42.99,42.14,42.91,3423
GCI,12.51,12.77,12.34,12.6,29251
GD,60.27,60.7,59.75,60.42,15510
GE,15.29,15.49,15.15,15.46,564295
GENZ,66.23,66.97,65.8,66.94,21658
GIS,34.77,35.16,34.5,35.15,60168
GLW,16.76,16.76,16.39,16.55,232403
GME,19.47,19.93,19.15,19.83,21459
GNW,12.04,12.295,11.95,12.03,69250
GOOG,483.68,489.87,480.5019,485.59,13066
GPC,41.76,42.2797,41.6,42.21,6422
GPS,17.56,17.925,17.46,17.63,45757
GR,71.2,71.91,70.88,71.43,10475
GS,147.58,149.176,147,147.76,37640
GT,10,10.16,9.83,9.91,43019
GWW,109.04,109.83,108.23,109.22,3663
HAL,27.92,28.24,27.64,27.81,115572
HAR,29.57,30.16,29.29,30.08,11197
HAS,42.4,42.86,42.18,42.79,8140
HBAN,5.64,5.69,5.5,5.55,126446
HCBK,11.55,11.61,11.5,11.6,28372
HCN,44.57,44.94,44.24,44.49,10686
HCP,34.35,34.87,34.298,34.54,21163
HD,27.5,28.07,27.28,27.38,121523
HES,52.49,52.76,52.05,52.62,31029
HIG,20.59,20.67,20.21,20.34,52969
HNZ,45.41,45.785,45.09,45.63,21222
HOG,25.29,26.1099,25.25,25.92,26045
HON,41.03,41.37,40.51,41.18,29263
HOT,46.53,47.92,46.31,47.59,27190
HP,37.17,37.5,36.94,37.3,8244
HPQ,40.51,41.09,40.35,40.55,228832
HRB,14.09,14.13,13.98,14.06,17223
HRL,42.78,42.94,42.51,42.93,7944
HRS,43.61,44.17,43.25,43.93,11154
HSP,52.19,52.44,51.5,52.43,12537
HST,13.6,13.79,13.49,13.6,61408
HSY,46.15,46.39,45.77,46.35,10807
HUM,49.04,49.14,48.52,49,10153
IBM,127.47,128.23,126.96,127.77,40091
ICE,97.3,98.61,96.18,98.21,11778
IFF,45.88,46.21,45.68,45.89,4877
IGT,15.08,15.28,15.02,15.22,29071
INTC,19.14,19.56,19.11,19.47,487210
INTU,38.4,38.52,38.05,38.4,35392
IP,21.72,22.22,21.42,21.59,80492
IPG,8.54,8.67,8.49,8.57,44985
IRM,21.93,22.1,21.85,22,13622
ISRG,311.27,316.72,308.69,309.35,4293
ITT,44.22,44.52,43.98,44.26,9656
ITW,42.69,42.99,42.27,42.63,38132
IVZ,18.39,18.69,18.28,18.55,17114
JBL,11.5,11.755,11.31,11.46,30177
JCI,27.62,28.46,27.27,28.01,66617
JCP,19.75,19.9,19.44,19.56,62650
JDSU,10.11,10.25,9.99,10.08,46675
JEC,34.97,35.5,34.75,35.07,9582
JNJ,57.99,58.11,57.47,58.01,87511
JNPR,25.47,26.2625,25.38,25.87,45182
JNS,9.7,9.84,9.53,9.78,21572
JPM,37.32,37.82,37.28,37.69,283340
JWN,30.83,30.89,29.97,30.12,50847
K,50.48,50.94,50.23,50.93,16091
KEY,7.77,7.8,7.668,7.79,78787
KFT,29.39,29.59,29.17,29.45,54424
KG,8.61,8.99,8.55,8.84,47920
KIM,14.48,14.75,14.29,14.68,38968
KLAC,28.83,29.51,28.7,29.05,30422
KMB,64.65,65.11,64.29,65.11,25845
KMX,20.62,21.37,20.53,20.81,14324
KO,55.51,55.93,55.12,55.88,69791
KR,21.99,22.04,21.86,21.92,43877
KSS,44.67,44.78,44.07,44.27,48988
L,36.83,36.94,36.68,36.88,16572
LEG,19.53,19.82,19.28,19.68,10575
LEN,13.2,13.32,13.01,13.14,32026
LH,74.56,75.12,73.7607,74.86,4080
LIFE,43.67,44.19,43.58,44.11,22042
LLL,69.98,70.58,69.48,70.11,5448
LLTC,29.05,29.68,28.92,29.45,27886
LLY,35.38,35.73,35.23,35.57,52192
LM,27.58,28.21,27.5,27.99,22320
LMT,72.42,72.42,71.51,71.94,33789
LNC,22.51,22.75,22.07,22.25,37307
LO,75.02,75.13,74.25,74.46,10468
LOW,20.08,20.3697,19.58,19.7,259945
LSI,4.18,4.32,4.12,4.29,102030
LTD,24.72,25.06,24.5,24.88,41634
LUK,20.75,20.89,20.59,20.68,6499
LUV,11.32,11.4625,11.23,11.34,33302
LXK,35.82,36.54,35.5,36.47,11915
M,19.89,20.34,19.75,20.14,78942
MA,209.51,212.34,208.02,210.44,6005
MAR,33.16,33.9,33.05,33.79,22855
MAS,10.37,10.45,10.26,10.3,47085
MAT,21.53,21.82,21.38,21.71,28845
MCD,71.76,72.12,71.54,71.79,49366
MCHP,28.69,29.16,28.5,28.86,18077
MCK,60.67,61.49,60.015,60.85,21768
MCO,21.81,22.33,21.75,22.26,19474
MDP,31.13,31.57,31.03,31.29,3101
MDT,35.4,35.49,35.05,35.18,58962
MEE,31.2,31.92,31.2,31.45,26868
MET,39.33,39.41,37.87,38.83,101033
MFE,29.71,30.12,29.53,30,9277
MHP,28.85,28.96,28.58,28.66,19404
MHS,46.68,46.74,45.73,45.81,52463
MI,6.64,6.64,6.37,6.56,82597
MJN,52.34,52.58,52.01,52.45,5956
MKC,39.59,39.7299,39.29,39.68,6544
MMC,23.33,23.47,23.17,23.31,19832
MMM,83.3,83.96,82.33,83.43,23620
MO,22.34,22.6,22.15,22.6,99151
MOLX,18.5,18.695,18.38,18.55,10451
MON,57.03,58.19,56.8,57.7,39229
MOT,7.63,7.86,7.58,7.81,259351
MRK,34.77,35,34.59,34.97,68951
MRO,32.35,32.66,32.18,32.53,35419
MS,25.77,26.1,25.56,25.7,79510
MSFT,24.34,24.61,24.3,24.5,409683
MTB,84.94,85.65,84.49,85.45,6182
MU,7.25,7.35,7.15,7.18,211241
MUR,54.5,55.63,54.02,55.46,17143
MWV,21.82,22.09,21.76,21.77,9184
MWW,11.51,11.6,11.45,11.58,23145
MYL,17.35,17.52,17.24,17.42,34010
NBL,66.83,67.35,66.1,66.73,16949
NBR,16.37,16.95,16.25,16.9,56640
NDAQ,19.92,20.18,19.78,20.15,25940
NEE,51.77,52.36,51.33,52.16,12641
NEM,57.36,57.83,57.02,57.71,35408
NI,16.39,16.58,16.34,16.57,14843
NKE,70.11,71.47,69.77,71.06,23814
NOC,56.23,56.52,55.62,56.23,19302
NOV,39.27,39.52,38.97,39.38,33248
NOVL,5.63,5.85,5.61,5.8,30466
NRG,21.76,22.22,21.49,21.92,34576
NSC,54.26,54.79,53.99,54.55,17949
NSM,12.77,13.12,12.68,12.95,37082
NTAP,37.82,39.0928,37.65,38.64,59438
NTRS,49.76,50.13,48.455,49.63,37320
NU,28.61,28.91,28.408,28.85,8609
NUE,38.02,38.58,37.83,38.42,18810
NVDA,9.28,9.45,9.03,9.15,203558
NVLS,24.47,24.974,24.35,24.75,11411
NWL,15.83,16.16,15.78,16.05,16903
NWSA,12.8,13.05,12.66,12.97,89772
NYT,7.65,7.89,7.62,7.79,11931
NYX,29.3,29.52,29.05,29.29,14604
ODP,4.1,4.17,4,4,49992
OI,25.01,25.23,24.93,25.1,13733
OKE,44.98,45.23,44.7085,44.99,5092
OMC,36.08,36.34,35.83,36.25,14320
ORCL,22.5,23,22.35,22.72,195117
ORLY,46.59,47.18,46.52,47.13,14134
OXY,75.14,76.02,73.9,75.9,47136
PAYX,24.93,25.17,24.75,25.02,24379
PBCT,13.24,13.36,13.12,13.36,27790
PBI,19.45,19.58,19.31,19.43,19584
PCAR,41.63,42.62,41.32,42.41,21296
PCG,45.54,45.89,45.02,45.78,17841
PCL,34.62,34.91,34.33,34.52,10042
PCLN,295.34,299.2,293,294.52,9722
PCP,117.42,118.3,116.34,117.77,5071
PCS,8.74,9.08,8.71,8.91,45894
PDCO,26.5,26.78,26.21,26.64,5842
PEG,31.57,31.82,31.3,31.54,22016
PEP,65.3,65.5,64.8,65.43,35654
PFE,15.98,16.17,15.85,16.03,362828
PFG,22.74,22.94,22.5,22.76,33381
PG,59.51,60.2,59.32,59.77,131388
PGN,42.56,42.79,42.2484,42.72,13808
PGR,19.09,19.19,18.97,19.08,26859
PH,62.99,63.47,62.06,63.4,18206
PHM,8.02,8.16,7.92,7.98,49243
PKI,21.27,21.64,21.13,21.35,9238
PLD,10.27,10.51,10.15,10.2,56155
PLL,35.2,35.62,34.8856,35.62,8462
PM,51.52,52.06,50.96,51.99,54865
PNC,54.81,55.78,54.71,55.64,28228
PNW,39.32,39.63,39.17,39.42,8979
POM,17.5,17.73,17.33,17.66,33078
PPG,65.84,66.78,65.45,66.51,7334
PPL,26.77,26.94,26.46,26.93,35613
PRU,55.18,55.33,54.2107,54.72,31271
PSA,97.73,99.01,97.38,98.46,6033
PTV,30.74,31.04,30.68,30.92,11477
PWR,18.75,18.92,18.5,18.78,16306
PX,86.78,88.59,85.99,87.98,16282
PXD,55.96,56.34,55.49,55.84,12193
Q,5.67,5.7,5.66,5.69,185230
QCOM,37.82,38.89,37.45,38.64,142220
QEP,30.07,30.63,29.63,30.32,9356
QLGC,14.7,14.9,14.59,14.68,16105
R,39.99,40.5,39.66,40.35,4196
RAI,56.13,56.69,55.8,56.66,9923
RDC,25.59,26.59,25.38,26.59,19081
RF,7.11,7.18,7.04,7.18,148881
RHI,23.53,23.78,23.31,23.63,6419
RHT,30.68,31.06,30.29,31.02,21271
RL,79.58,80.6,79.23,79.78,7262
ROK,50.89,51.64,50.62,50.9,12325
ROP,59.03,60.05,58.71,59.8,6197
ROST,48.83,49.74,48.75,49.41,11774
RRC,35.37,35.57,34.9,35.05,41176
RRD,16.3,16.41,16.21,16.33,15993
RSG,29.34,29.7,29.03,29.66,21565
RSH,19,19.31,18.8,18.9,18383
RTN,44.47,45.07,44.24,44.76,26755
S,4.48,4.5,4.28,4.3,411715
SAI,15.71,15.81,15.53,15.54,15625
SBUX,23.8,24.15,23.668,23.82,73632
SCG,38.43,38.79,38.08,38.64,5388
SCHW,14.46,14.52,14.19,14.25,89950
SE,21.22,21.22,20.91,21.06,29018
SEE,21.53,21.74,21.43,21.65,5378
SHLD,66.2,67.12,65.8535,66.23,6838
SHW,68.71,68.8,67.89,68.27,10627
SIAL,53.34,54.435,53.25,54.02,3843
SII,40.63,41.57,40.57,41.26,27031
SJM,57.76,58.51,57.44,58.36,6384
SLB,58.51,59.83,58.4,59.37,59766
SLE,14.47,14.87,14.37,14.77,111272
SLM,11.61,12.06,11.44,11.91,32626
SNA,41.46,41.61,41.16,41.45,4182
SNDK,41.22,42.96,40.77,42.51,72011
SNI,41.68,42.32,41.36,42,6066
SO,35.68,35.92,35.6,35.87,28984
SPG,88.89,90.25,88.32,89.4,14729
SPLS,19,19.35,18.88,19.1,55046
SRCL,64.72,66.01,64.18,65.76,9681
SRE,50.92,51.44,50.51,51.24,9649
STI,24.24,24.46,24.02,24.36,38629
STJ,37.06,37.15,36.8,36.9,14050
STT,37.11,37.31,36.65,37.11,30208
STZ,16.62,16.62,16.4,16.49,11415
SUN,35.46,35.86,35.06,35.59,17105
SVU,10.87,11.07,10.71,11.04,32660
SWK,54.46,55.3,54.12,55.12,10976
SWN,34.23,34.23,33.25,33.53,69174
SWY,21.07,21.15,20.85,21.05,25709
SYK,46.33,46.625,46.04,46.49,12422
SYMC,12.06,12.45,12.04,12.39,108249
SYY,29.83,29.83,28.94,29.28,62792
T,26.63,26.71,26.48,26.65,198719
TAP,45.58,45.81,45.07,45.66,7175
TDC,29.74,30.16,29.43,29.93,12853
TE,16.09,16.44,15.96,16.39,28561
TEG,48.31,48.78,47.82,48.62,5135
TER,9.58,9.61,9.41,9.5,84824
TGT,50.5,50.92,50.35,50.72,31279
THC,4.14,4.23,4.1,4.13,47486
TIE,19.31,19.61,19,19.3,16661
TIF,41.51,42.09,41.35,41.68,20242
TJX,40.69,41.98,40.6,41.37,49368
TLAB,6.75,6.94,6.69,6.83,52603
TMK,50.4,50.67,50.09,50.34,8268
TMO,44.01,44.49,43.8,44.26,22275
TROW,46.05,46.68,45.75,46.21,16649
TRV,49.81,49.92,49.5,49.91,35133
TSN,16.18,16.765,16.17,16.67,53290
TSO,11.92,12.18,11.8,11.92,48150
TSS,14.27,14.42,14.14,14.39,10268
TWC,54.63,54.71,53.46,54.66,14201
TWX,30.58,30.97,30.32,30.7,32576
TXN,24.18,24.59,24.03,24.53,101808
TXT,18,18.22,17.83,17.86,61856
UNH,31.85,31.99,31.3663,31.9,52318
UNM,20.63,20.845,20.54,20.72,22371
UNP,72.23,73.43,72.23,73.09,20418
UPS,64.03,64.94,63.73,64.65,29011
URBN,30.87,31.78,30.68,31.36,40978
USB,22.1,22.255,21.92,22.13,65436
UTX,70.2,70.78,69.5,70.35,25984
V,72.08,73.24,71.8,72.83,26752
VAR,54.9,54.98,54.33,54.66,10713
VFC,76.23,76.96,75.25,76.61,4625
VIA,36.33,37.03,36.24,36.79,252
VLO,16.84,16.98,16.71,16.9,82293
VMC,38.05,38.3,37.6802,38.25,16689
VNO,80.45,81.79,80.45,81.14,9342
VRSN,28.52,29.22,28.4,29.01,54471
VTR,49.61,50.21,49.39,49.9,7890
VZ,29.8525,30.15,29.72,29.96,140972
WAG,28.05,28.3,27.83,28.19,64545
WAT,62,62.36,61.46,61.95,12828
WDC,24.3,24.97,24.07,24.78,53932
WEC,54.81,55.43,54.58,55.36,10457
WFC,25.67,25.91,25.52,25.68,245935
WFMI,36.06,36.88,36.03,36.78,23155
WFR,10.4,10.61,10.16,10.37,45936
WHR,76.28,78.29,75.6301,77.19,19561
WIN,11.32,11.4,11.31,11.39,46057
WLP,51.37,51.8,50.78,51.62,29698
WM,32.83,33.3,32.58,33.25,15574
WMB,19.42,19.57,19.13,19.44,30548
WMT,50.17,50.57,50.06,50.41,96502
WPI,41.48,42.47,41.42,42.43,13804
WPO,304,321.14,295.56,315.65,8774
WU,15.88,16.23,15.82,16.1,28857
WY,16.26,16.575,16.23,16.25,19955
WYN,24.84,25.6061,24.64,25.52,22807
WYNN,86.17,87.93,85.82,87.29,16874
X,45.11,46.22,44.8004,45.4,72902
XEL,22.31,22.41,22.08,22.19,29778
XL,17.84,17.97,17.65,17.84,33646
XLNX,24.89,25.33,24.48,25.11,59094
XOM,59.6,60.25,59.25,59.88,143097
XRAY,30.03,30.405,29.99,30.23,5505
XRX,8.95,9.05,8.88,9.02,65004
YHOO,13.74,13.9,13.68,13.79,114163
YUM,40.73,41.04,40.51,40.93,17232
ZION,19.81,19.96,19.6,19.95,25914
ZMH,51.13,51.47,50.6,51,13489
